GRT_PIPELINE_FILE_V1.0
PipelineMode: CLASSIFICATION_MODE
NumPreprocessingModules: 0
NumFeatureExtractionModules: 0
NumPostprocessingModules: 0
Trained: 1
PreProcessingModuleDatatypes:
FeatureExtractionModuleDatatypes:
ClassificationModuleDatatype:	SVM
PostProcessingModuleDatatypes:
SVM_MODEL_FILE_V1.0
ModelType: C_SVC
KernelType: LINEAR
Degree: 3
Gamma: 0.333333
Coef0: 0
NumberOfClasses: 2
NumberOfSupportVectors: 282
NumberOfFeatures: 3
UseShrinking: 1
UseProbability: 1
UseScaling: 1
Ranges: 
-1792	386
-452	310
-998	128
RHO: 
-0.205884	
Label: 
2	1	
ProbA: 
-0.950974	
ProbB: 
0.226851	
NumSupportVectorsPerClass: 
141	141	
SupportVectors: 
1	1	0.263545	2	0.165354	3	-0.630551	
1	1	-0.232323	2	0.43832	3	0.346359	
1	1	-0.224977	2	0.317585	3	0.22913	
1	1	-0.147842	2	0.317585	3	0.0515098	
1	1	-0.217631	2	0.322835	3	0.293073	
1	1	0.746556	2	-0.422572	3	-0.683837	
1	1	-0.0247934	2	0.149606	3	-0.523979	
1	1	-0.195592	2	0.244094	3	0.104796	
1	1	0.230487	2	-0.0971129	3	-0.783304	
1	1	0.471074	2	-0.0708661	3	-0.65897	
1	1	-0.230487	2	0.391076	3	0.296625	
1	1	-0.22865	2	0.370079	3	0.264654	
1	1	0.829201	2	-0.307087	3	-0.843694	
1	1	0.977961	2	-0.695538	3	-0.740675	
1	1	-0.190083	2	0.454068	3	0.20071	
1	1	1	2	-0.721785	3	-0.64476	
1	1	0.575758	2	-0.385827	3	-0.548845	
1	1	0.529844	2	-0.249344	3	-0.673179	
1	1	-0.252525	2	0.0761155	3	-0.705151	
1	1	-0.195592	2	0.107612	3	-0.0408526	
1	1	-0.195592	2	0.406824	3	0.154529	
1	1	-0.217631	2	0.102362	3	0.218472	
1	1	-0.22865	2	0.343832	3	0.225577	
1	1	-0.219467	2	0.186352	3	0.133215	
1	1	0.43618	2	-0.0971129	3	-0.534636	
1	1	-0.232323	2	0.244094	3	0.261101	
1	1	0.546373	2	-0.160105	3	-0.690941	
1	1	-0.201102	2	0.0603675	3	0.119005	
1	1	-0.212121	2	0.417323	3	0.232682	
1	1	0.447199	2	-0.0131234	3	-0.609236	
1	1	-0.151515	2	0.186352	3	-0.239787	
1	1	1	2	-0.732283	3	-0.64476	
1	1	-0.226814	2	0.207349	3	0.236234	
1	1	0.454545	2	-0.149606	3	-0.776199	
1	1	-0.197429	2	0.160105	3	0.0408526	
1	1	0.948577	2	-0.753281	3	-0.74778	
1	1	-0.149679	2	0.0708661	3	-0.218472	
1	1	0.046832	2	-0.0131234	3	-0.634103	
1	1	-0.182736	2	0.186352	3	0.150977	
1	1	-0.0762167	2	0.175853	3	-0.49556	
1	1	-0.179063	2	0.11811	3	-0.37833	
1	1	-0.235996	2	0.181102	3	-0.442274	
1	1	-0.190083	2	0.433071	3	0.261101	
1	1	0.22865	2	0.0341207	3	-0.538188	
1	1	-0.146006	2	0.0813648	3	-0.534636	
1	1	-0.162534	2	0.133858	3	0.0124334	
1	1	-0.179063	2	0.238845	3	0.026643	
1	1	-0.23416	2	0.212598	3	0.207815	
1	1	-0.237833	2	0.448819	3	0.431616	
1	1	-0.204775	2	0.212598	3	0.062167	
1	1	-0.224977	2	0.291339	3	0.278863	
1	1	-0.230487	2	0.417323	3	0.353464	
1	1	0.99449	2	-0.811024	3	-0.715808	
1	1	0.895317	2	-0.139108	3	-0.634103	
1	1	0.318641	2	-0.207349	3	-0.765542	
1	1	-0.213958	2	0.322835	3	0.278863	
1	1	0.17539	2	0.454068	3	-0.626998	
1	1	-0.219467	2	0.181102	3	-0.484902	
1	1	-0.010101	2	-0.0288714	3	-0.726465	
1	1	0.0688705	2	0.354331	3	-0.488455	
1	1	0.689624	2	-0.228346	3	-0.49556	
1	1	-0.100092	2	0.0708661	3	-0.786856	
1	1	0.300275	2	0.186352	3	-0.190053	
1	1	0.0835629	2	0.2021	3	-0.566607	
1	1	-0.265381	2	0.317585	3	0.250444	
1	1	-0.215794	2	0.259843	3	0.175844	
1	1	0.415978	2	-0.233596	3	-0.662522	
1	1	-0.206612	2	0.328084	3	0.211368	
1	1	-0.23416	2	0.275591	3	0.239787	
1	1	0.919192	2	-0.175853	3	-0.0657194	
1	1	0.763085	2	-0.11811	3	-0.591474	
1	1	0.579431	2	0.107612	3	-0.651865	
1	1	0.959596	2	-0.165354	3	-0.754885	
1	1	-0.22865	2	0.328084	3	0.268206	
1	1	-0.067034	2	0.0708661	3	-0.786856	
1	1	-0.226814	2	-0.0131234	3	-0.577265	
1	1	-0.169881	2	0.102362	3	-0.0692718	
1	1	0.910009	2	-0.417323	3	-0.520426	
1	1	0.630854	2	0.144357	3	0.0728242	
1	1	-0.182736	2	0.259843	3	0.0230906	
1	1	-0.208448	2	0.160105	3	0.261101	
1	1	0.746556	2	-0.406824	3	-0.612789	
1	1	-0.237833	2	0.380577	3	0.293073	
1	1	-0.239669	2	0.406824	3	0.357016	
1	1	-0.221304	2	0.35958	3	0.168739	
1	1	-0.201102	2	0.212598	3	0.14032	
1	1	-0.151515	2	0.238845	3	-0.452931	
1	1	-0.252525	2	0.464567	3	0.531083	
1	1	-0.149679	2	0.217848	3	-0.619893	
1	1	0.140496	2	-0.107612	3	-0.786856	
1	1	0.263545	2	0.212598	3	-0.566607	
1	1	-0.274564	2	0.259843	3	-0.520426	
1	1	-0.245179	2	0.35958	3	0.243339	
1	1	-0.212121	2	0.322835	3	-0.204263	
1	1	-0.182736	2	-0.00787402	3	-0.73357	
1	1	-0.261708	2	0.149606	3	-0.612789	
1	1	-0.241506	2	0.396325	3	0.37833	
1	1	-0.239669	2	0.412073	3	0.413854	
1	1	0.742883	2	-0.364829	3	-0.687389	
1	1	0.48393	2	-0.275591	3	-0.705151	
1	1	-0.00275482	2	0.354331	3	-0.431616	
1	1	-0.224977	2	0.433071	3	0.307282	
1	1	-0.101928	2	0.0288714	3	-0.559503	
1	1	0.944904	2	-0.52231	3	-0.573712	
1	1	-0.164371	2	0.170604	3	-0.111901	
1	1	-0.22314	2	0.349081	3	0.108348	
1	1	0.810836	2	-0.112861	3	-0.460036	
1	1	-0.164371	2	0.254593	3	0.026643	
1	1	0.948577	2	-0.485564	3	-0.577265	
1	1	0.730028	2	-0.0288714	3	-0.580817	
1	1	-0.18641	2	0.322835	3	-0.0373002	
1	1	-0.169881	2	0.249344	3	-0.275311	
1	1	0.658402	2	-0.354331	3	-0.754885	
1	1	-0.179063	2	0.238845	3	0.0301954	
1	1	0.902663	2	-0.223097	3	-0.452931	
1	1	0.801653	2	-0.0918635	3	-0.30373	
1	1	-0.184573	2	0.128609	3	-0.548845	
0.60673	1	-0.320478	2	0.233596	3	-0.531083	
1	1	0.197429	2	-0.149606	3	-0.715808	
1	1	0.873278	2	-0.480315	3	-0.541741	
1	1	-0.318641	2	0.238845	3	-0.470693	
1	1	0.434343	2	-0.0183727	3	-0.74778	
1	1	-0.215794	2	0.19685	3	0.225577	
1	1	0.678604	2	-0.0761155	3	-0.360568	
0.356985	1	-0.241506	2	0.44357	3	0.339254	
1	1	-0.241506	2	0.401575	3	0.37833	
1	1	-0.202938	2	0.0551181	3	0.12611	
1	1	0.592287	2	-0.35958	3	-0.712256	
1	1	-0.191919	2	0.207349	3	0.115453	
1	1	0.38292	2	-0.286089	3	-0.840142	
1	1	0.472911	2	0.165354	3	-0.431616	
1	1	-0.147842	2	0.181102	3	-0.545293	
1	1	-0.190083	2	0.228346	3	-0.0550622	
1	1	-0.219467	2	0.322835	3	0.261101	
1	1	-0.22314	2	0.380577	3	0.0657194	
1	1	0.976125	2	-0.700787	3	-0.64476	
1	1	0.213958	2	-0.102362	3	-0.769094	
1	1	0.755739	2	-0.244094	3	-0.46714	
1	1	0.224977	2	0.0708661	3	-0.602131	
1	1	0.0927456	2	0.186352	3	-0.626998	
1	1	-0.237833	2	0.44357	3	0.580817	
-1	1	-0.248852	2	0.333333	3	-0.523979	
-1	1	0.781451	2	-0.296588	3	-0.666075	
-1	1	-0.210285	2	-0.0498688	3	-0.719361	
-1	1	-0.494949	2	0.44357	3	-0.0195382	
-1	1	0.818182	2	-0.228346	3	-0.91119	
-1	1	-0.546373	2	0.44357	3	-0.225577	
-1	1	-0.261708	2	0.0761155	3	-0.463588	
-1	1	-0.353535	2	0.795276	3	0.207815	
-1	1	-0.439853	2	0.249344	3	-0.253996	
-1	1	0.114784	2	-0.506562	3	-0.790409	
-1	1	-0.540863	2	0.548556	3	0.175844	
-1	1	0.719008	2	-0.270341	3	-0.509769	
-1	1	0.774105	2	0.0446194	3	0.0479574	
-1	1	-0.452709	2	0.139108	3	0.168739	
-1	1	-0.553719	2	0.154856	3	-0.545293	
-1	1	-0.114784	2	-0.212598	3	-0.648313	
-1	1	-0.265381	2	0.181102	3	0.861456	
-1	1	-0.421488	2	0.931759	3	0.783304	
-1	1	-0.366391	2	0.616798	3	0.552398	
-1	1	0.880624	2	-0.259843	3	-0.619893	
-1	1	-0.469238	2	0.538058	3	-0.609236	
-1	1	-0.0707071	2	-0.144357	3	-0.637655	
-1	1	0.69697	2	-0.417323	3	-0.928952	
-1	1	0.269054	2	0.11811	3	0.0834813	
-1	1	0.0394858	2	0.385827	3	-0.442274	
-1	1	0.434343	2	0.228346	3	-0.147425	
-1	1	-0.505969	2	0.769029	3	0.190053	
-1	1	-0.325987	2	0.559055	3	0.431616	
-1	1	-0.634527	2	0.448819	3	-0.520426	
-1	1	0.360882	2	0.0708661	3	-0.0941385	
-1	1	0.799816	2	-0.160105	3	-0.9254	
-1	1	0.693297	2	-0.181102	3	-0.122558	
-1	1	-0.720845	2	1	3	0.74778	
-1	1	0.695133	2	-0.412073	3	-0.932504	
-1	1	-0.307622	2	0.889764	3	0.150977	
-1	1	0.0394858	2	-0.422572	3	-0.612789	
-1	1	0.0211203	2	-0.370079	3	-0.751332	
-1	1	-0.0523416	2	0.12336	3	0.0230906	
-1	1	0.480257	2	0.0918635	3	0.026643	
-1	1	0.535354	2	-0.0656168	3	-0.14032	
-1	1	0.733701	2	-0.149606	3	0.158082	
-1	1	0.153352	2	-0.43832	3	-0.854352	
-1	1	0.704316	2	-0.0131234	3	0.307282	
-1	1	0.206612	2	0.175853	3	-0.161634	
-1	1	0.711662	2	-0.401575	3	-0.886323	
-1	1	-0.753903	2	0.454068	3	0.0976909	
-1	1	-0.381084	2	0.144357	3	-0.264654	
-1	1	0.814509	2	-0.181102	3	-0.946714	
-1	1	0.772268	2	-0.0551181	3	0.250444	
-1	1	-0.103765	2	-0.170604	3	-0.630551	
-1	1	0.496786	2	0.023622	3	-0.193606	
-1	1	-0.111111	2	-0.265092	3	-0.460036	
-1	1	-0.678604	2	0.212598	3	-0.0479574	
-1	1	-0.548209	2	0.254593	3	-0.115453	
-1	1	-0.278237	2	0.737533	3	1	
-1	1	-0.53168	2	0.286089	3	-0.438721	
-1	1	-0.709826	2	0.727034	3	0.552398	
-1	1	0.796143	2	-0.175853	3	-0.953819	
-1	1	-0.586777	2	0.700787	3	0.30373	
-1	1	0.0633609	2	0.191601	3	-0.243339	
-1	1	0.827365	2	-0.275591	3	-0.921847	
-1	1	-0.469238	2	0.553806	3	-0.0692718	
-1	1	0.504132	2	0.165354	3	-0.168739	
-0.667673	1	0.439853	2	-0.643045	3	-0.666075	
-1	1	0.926538	2	-0.0446194	3	0.00888099	
-1	1	0.831038	2	-0.186352	3	-0.936057	
-1	1	-0.511478	2	0.737533	3	0.769094	
-1	1	0.265381	2	0.343832	3	0.165187	
-1	1	0.401286	2	-0.60105	3	-0.737123	
-1	1	0.68595	2	-0.12336	3	-0.310835	
-1	1	0.803489	2	-0.160105	3	-0.971581	
-1	1	0.79798	2	-0.175853	3	-0.943162	
-1	1	0.280073	2	-0.564304	3	-0.705151	
-1	1	-0.291093	2	0.233596	3	0.687389	
-1	1	-0.109275	2	0.160105	3	-0.168739	
-1	1	0.577594	2	-0.186352	3	-0.605684	
-1	1	0.64371	2	-0.0446194	3	0.115453	
-1	1	0.69697	2	-0.469816	3	-0.904085	
-1	1	-0.259871	2	0.223097	3	-0.293073	
-1	1	0.827365	2	-0.191601	3	-0.815275	
-1	1	0.807163	2	-0.19685	3	-0.943162	
-1	1	-0.884298	2	0.349081	3	0.0728242	
-1	1	-0.362718	2	0.28084	3	0.0515098	
-1	1	-0.742883	2	0.12336	3	0.381883	
-1	1	0.875115	2	-0.19685	3	-0.307282	
-1	1	0.250689	2	0.181102	3	-0.172291	
-1	1	0.627181	2	0.107612	3	-0.172291	
-1	1	0.395776	2	0.170604	3	0.0373002	
-1	1	0.581267	2	-0.333333	3	-0.843694	
-1	1	-0.349862	2	0.28084	3	0.0834813	
-1	1	-0.390266	2	0.83727	3	0.300178	
-1	1	-0.770432	2	0.0498688	3	-0.307282	
-1	1	-0.193756	2	-0.170604	3	-0.719361	
-1	1	-0.265381	2	0.496063	3	0.502664	
-1	1	-0.504132	2	0.475066	3	0.253996	
-1	1	0.810836	2	-0.207349	3	-0.89698	
-1	1	0.781451	2	-0.212598	3	-0.0159858	
-1	1	-0.213958	2	-0.212598	3	-0.0870337	
-1	1	0.742883	2	-0.28084	3	-0.40675	
-1	1	0.801653	2	-0.175853	3	-0.932504	
-1	1	-1	2	0.433071	3	0.360568	
-1	1	0.702479	2	0.0971129	3	0.442274	
-1	1	0.709826	2	-0.406824	3	-0.850799	
-1	1	-0.010101	2	-0.354331	3	-0.801066	
-1	1	-0.179063	2	-0.0971129	3	-0.484902	
-1	1	0.0394858	2	0.412073	3	-0.321492	
-1	1	0.663912	2	-0.44357	3	-0.936057	
-1	1	-0.0358127	2	-0.396325	3	-0.612789	
-1	1	-0.443526	2	0.706037	3	0.079929	
-1	1	0.689624	2	-0.370079	3	-0.829485	
-1	1	0.803489	2	-0.233596	3	-0.914742	
-1	1	-0.346189	2	0.0393701	3	-0.49556	
-1	1	-0.278237	2	0.165354	3	0.840142	
-1	1	0.212121	2	-0.532808	3	-0.740675	
-1	1	0.0192837	2	-0.102362	3	-0.751332	
-1	1	0.355372	2	0.0761155	3	-0.204263	
-1	1	0.283747	2	0.233596	3	0.0905861	
-1	1	0.684114	2	-0.496063	3	-0.968028	
-1	1	-0.32966	2	0.821522	3	0.82238	
-0.296043	1	0.873278	2	-0.354331	3	-0.928952	
-1	1	0.698806	2	-0.412073	3	-0.932504	
-1	1	0.338843	2	-0.217848	3	-0.474245	
-1	1	0.768595	2	-0.0551181	3	-0.403197	
-1	1	-0.243343	2	0.0498688	3	-0.637655	
-1	1	-0.412305	2	0.737533	3	0.975133	
-1	1	0.0339761	2	0.181102	3	-0.456483	
-1	1	-0.112948	2	-0.217848	3	-0.300178	
-1	1	-0.562902	2	0.301837	3	0.0905861	
-1	1	0.803489	2	-0.133858	3	-0.928952	
-1	1	0.735537	2	-0.44357	3	-0.868561	
-1	1	0.658402	2	-0.417323	3	-0.921847	
-1	1	0.902663	2	-0.144357	3	0.0515098	
-1	1	-0.34068	2	0.895013	3	0.626998	
-1	1	0.741047	2	-0.275591	3	-0.193606	
-1	1	-0.755739	2	0.958005	3	0.786856	
-1	1	-0.243343	2	0.223097	3	-0.527531	
-1	1	-0.318641	2	0.44357	3	0.559503	
-1	1	-0.237833	2	-0.0446194	3	0.211368	
-1	1	0.581267	2	-0.333333	3	-0.861456	
-1	1	-0.243343	2	0.44357	3	0.651865	
-1	1	0.114784	2	-0.417323	3	-0.751332	
